Epoch 1
conv1.weight: -7.2790937423706055
conv1.bias: 0.006994649767875671
conv2.weight: 8.617313385009766
conv2.bias: 0.3584662079811096
fc1.weight: 57.59811019897461
fc1.bias: 0.05950487032532692
fc2.weight: 7.697831153869629
fc2.bias: 0.0684938132762909
fc3.weight: 4.148402214050293
fc3.bias: 0.2485850602388382
Epoch 2
conv1.weight: -6.712949752807617
conv1.bias: 0.04013173282146454
conv2.weight: 5.594734191894531
conv2.bias: 0.37147781252861023
fc1.weight: 67.88433837890625
fc1.bias: 0.09165354818105698
fc2.weight: 10.552770614624023
fc2.bias: 0.0969180166721344
fc3.weight: 4.148428916931152
fc3.bias: 0.2485850751399994
